972.500000
955.500000
977.000000
933.800000
859.800000
861.000000
1800.600000
1800.600000
1800.600000
1800.600000
1800.600000
1800.600000
1800.600000
161.000000
1103.200000
953.600000
1800.600000
1800.600000
1800.600000
1800.600000
1800.600000
1800.600000
1800.600000
1800.600000
1800.600000
1800.600000
1781.100000
1693.900000
928.200000
708.100000
1800.600000
1800.600000
1800.600000
1800.600000
1800.600000
1800.600000
1800.600000
1800.600000
1800.600000
1800.600000
1800.600000
829.500000
893.000000
906.100000
835.900000
994.800000
1800.600000
1800.600000
1800.600000
1800.600000
1800.600000
1800.500000
1800.600000
1800.600000
1800.600000
1800.600000
1800.600000
1800.600000
650.000000
1800.600000
673.600000
817.900000
1800.600000
939.400000
917.500000
921.600000
750.000000
870.600000
968.900000
1800.600000
1800.600000
878.200000
1800.600000
811.400000
937.600000
1041.000000
996.200000
1012.000000
1349.600000
1800.600000
1800.600000
1082.600000
1800.600000
1800.600000
1800.600000
1800.600000
1800.600000
806.000000
1066.800000
907.500000
1036.300000
1800.600000
666.000000
94.000000
1800.600000
1800.500000
1800.500000
1800.600000
1800.600000
1800.600000
1800.600000
838.000000
935.900000
847.500000
1800.600000
1800.600000
694.000000
1800.600000
1800.600000
1800.600000
1800.600000
1800.600000
1800.600000
1800.600000
1800.600000
800.500000
1034.900000
997.900000
759.800000
1800.600000
1800.600000
1800.600000
1800.600000
1800.600000
1800.600000
1800.600000
1800.600000
1800.600000
1800.600000
922.000000
876.100000
883.700000
1114.000000
1800.600000
1800.600000
1800.600000
1800.600000
1800.600000
1800.600000
1800.600000
1800.600000
1800.600000
1800.600000
1800.600000
1800.600000
973.700000
290.000000
609.900000
1018.400000
851.500000
1800.600000
1800.600000
1800.600000
1800.600000
1800.600000
1800.600000
1800.600000
1800.600000
1800.600000
1800.600000
1800.600000
1800.600000
979.500000
792.900000
987.200000
891.600000
821.600000
1800.600000
1800.600000
1800.600000
1800.600000
1800.500000
1800.600000
1800.600000
1800.600000
1800.600000
1800.600000
274.400000
1800.600000
961.700000
995.900000
521.000000
865.500000
1800.600000
1800.600000
1800.600000
1800.600000
1800.600000
1800.600000
1800.600000
1800.600000
1800.600000
1800.600000
1800.600000
927.000000
982.000000
867.500000
865.000000
892.400000
1038.000000
1800.600000
1800.600000
1800.600000
1800.600000
1800.600000
1800.600000
1800.600000
1800.600000
1800.600000
1800.600000
1800.600000
827.700000
892.600000
829.600000
900.100000
1035.300000
827.400000
1800.600000
1800.600000
1800.600000
1800.600000
1800.600000
1800.600000
937.200000
889.300000
805.800000
779.100000
721.500000
1800.600000
1800.600000
1800.600000
1800.600000
1800.600000
1800.600000
1800.600000
1800.600000
1800.600000
1800.600000
1800.600000